
# Fish palettes list - still growing
fish_pals <- list(
  juvsteel = c("#455121", "#030C00", "#86985A", "#9DA88A","#45604F", # olives and blacks
               "#86985A", "#1E2D04", "#242B01", "#ABB789", "#4F5B47",
               "#79493D", "#693B3E", "#B98B7B", "#C09D89", "#97735D", "#C09D89", # pinks and tans
               "#EAB8B1", "#865848", "#58231F", "#FFCBC3", "#58231F",
               "#5F737E", "#263A41", "#091C2A", "#2E4147", "#666B67", "#77848C" # grays, blues, silvers
  ),


  adultsteel = c("#545835", "#D8DFD8", "#827843", "#534C44", # greens and browns
                 "#4F6165", "#6B6D6A", "#F2E8E7", "#474E56", "#F0F7F0", "#C5C5C5", "#5A686B",
                 "#A4AFB3", "#FBFFFA",  "#DDE4DC", "#868F8C", # silvers, grays, whites )
                 "#C55C59", "#EF8E61", "#D35546" ) , # reds and oranges


  adultchinook = c("#E02F3D", "#A93553", "#767448", "#9B9979", "#FBB7C0", "#336F6D")

)

# Cramer Fish Sciences Palette
cfs <- c("#7D592E", "#002E51", "#1372AA", # <- that one is the CFS blue
         "#041521", "#676D70")
